#
#
#  Percent Identity  Matrix - created by Clustal2.1 
#
#

     1: 2_BEM1_SH3  100.00   21.31   21.31   22.03   24.59   18.18   17.74   16.95   27.12   22.58   20.69   24.14   22.41
     2: BOI1_SH3     21.31  100.00   76.56   21.67   27.42   32.14   18.03   24.14   18.64   21.31   20.69   27.59   29.31
     3: BOI2_SH3     21.31   76.56  100.00   21.67   27.42   32.14   18.03   17.24   20.34   19.67   20.69   25.86   22.41
     4: BEM1_SH3     22.03   21.67   21.67  100.00   26.67   29.63   20.34   26.32   34.48   20.34   26.79   28.57   23.21
     5: BZZ1_SH3     24.59   27.42   27.42   26.67  100.00   42.86   18.03   13.79   30.51   18.03   20.69   18.97   25.86
     6: 2_BZZ1_SH3   18.18   32.14   32.14   29.63   42.86  100.00   23.64   28.85   29.63   18.18   33.96   33.96   28.30
     7: CDC25_SH3    17.74   18.03   18.03   20.34   18.03   23.64  100.00   25.00   21.67   24.62   29.31   29.31   25.86
     8: CYK3_SH3     16.95   24.14   17.24   26.32   13.79   28.85   25.00  100.00   25.86   29.51   27.59   32.76   29.31
     9: SHO1_SH3     27.12   18.64   20.34   34.48   30.51   29.63   21.67   25.86  100.00   28.33   31.03   29.31   29.31
    10: HOF1_SH3     22.58   21.31   19.67   20.34   18.03   18.18   24.62   29.51   28.33  100.00   33.90   28.81   28.81
    11: HSE1_SH3     20.69   20.69   20.69   26.79   20.69   33.96   29.31   27.59   31.03   33.90  100.00   40.68   35.59
    12: LSB1_SH3     24.14   27.59   25.86   28.57   18.97   33.96   29.31   32.76   29.31   28.81   40.68  100.00   69.49
    13: PIN3_SH3     22.41   29.31   22.41   23.21   25.86   28.30   25.86   29.31   29.31   28.81   35.59   69.49  100.00
