>Bem2,Bem2
{'alignment_length': 64, 'RMSD': 0.0, 'rotation_matrix': [1.0000000000000004, 5.551115123125783e-17, 1.1102230246251565e-16, -9.03320308867842, 9.71445146547012e-17, 1.0000000000000004, -1.1796119636642288e-16, 46.19371873140335, 1.1102230246251565e-16, -1.5959455978986625e-16, 1.0000000000000004, 54.64729690551758, 9.03320308867842, -46.19371873140335, -54.64729690551758, 1.0]}
>Bem2,Bem3
{'alignment_length': 64, 'RMSD': 3.065134916661207, 'rotation_matrix': [-0.8873773242925522, 0.39451913481833034, -0.2385710304994839, -11.004156204871833, 0.301099996395629, 0.8877737674261142, 0.34813292007593266, 44.54531252384186, 0.34914220097539334, 0.2370915226916382, -0.9065800203875102, 53.617406368255615, -5.52490624517668, -10.712281216867268, -4.3782187146134675, 1.0]}
>Bem2,Boi1
{'alignment_length': 64, 'RMSD': 4.41421939357969, 'rotation_matrix': [0.4267266793098399, 0.8424311916223166, -0.32895900739605993, -10.485234345309436, 0.7869237791268142, -0.5251336530658341, -0.32401483339888176, 45.183375000953674, -0.44570764746633024, -0.12059989137447719, -0.8870176769323672, 54.25200009346008, -2.1218749578110874, -0.5584687597583979, 12.353328126482666, 1.0]}
>Bem2,Boi2
{'alignment_length': 64, 'RMSD': 4.4095793162634696, 'rotation_matrix': [-0.5950403364490938, 0.27270944686209864, -0.7560135948451708, -10.485234345309436, 0.7665646705731257, 0.4751993157934473, -0.43193080012723606, 45.183375000953674, 0.24146553341556748, -0.8365495609117297, -0.49181218804613575, 54.25200009346008, -3.4159687214996666, -1.9663593877339736, 11.74604696687311, 1.0]}
>Bem2,Bud4
{'alignment_length': 64, 'RMSD': 3.6043865559265837, 'rotation_matrix': [0.7854021649646568, 0.5787137244990997, -0.21962209439218344, -10.740937468595803, 0.5891856732979648, -0.8077156189830322, -0.02134762823549755, 44.91985934972763, -0.18974636135971926, -0.11263171812254755, -0.9753514312408167, 53.610359489917755, -16.068140655755997, -12.643312504282221, 30.498265460133553, 1.0]}
>Bem2,Cdc24
{'alignment_length': 56, 'RMSD': 3.667311408716388, 'rotation_matrix': [0.6163642052751271, -0.23999210366859758, -0.7499993044211986, -11.967874976141113, 0.7162679104596474, 0.566601590748487, 0.40733636936450274, 45.67698219844273, 0.3271932867607938, -0.7882679922069689, 0.5211315818108356, 52.684000219617566, -12.848392858727104, -2.6965714445603752, 38.97146419116429, 1.0]}
>Bem2,Cla4
{'alignment_length': 56, 'RMSD': 3.01455529301559, 'rotation_matrix': [0.8946736743716729, -0.4108308908736173, 0.17543373532556253, -11.838999971747398, 0.09648117831770772, 0.5611510255133171, 0.8220711093304395, 44.155732222965796, -0.4361770266952585, -0.7185593264785745, 0.541684498314232, 52.41717883518763, 25.044196418353483, -26.73403566224234, -31.70960698808942, 1.0]}
>Bem2,Osh2
{'alignment_length': 56, 'RMSD': 3.8778628585384074, 'rotation_matrix': [-0.816400595915687, -0.16251845006277815, 0.5541460280266426, -11.419410688536509, -0.33555070145263094, 0.9144712369887995, -0.2261594204865763, 45.51669645309448, -0.4699955252373784, -0.3705807740687163, -0.8011080427429699, 53.26369660241263, -40.28851805414471, -6.767250001430513, 13.089696512557563, 1.0]}
>Bem2,Osh3
{'alignment_length': 56, 'RMSD': 3.6847089534000026, 'rotation_matrix': [-0.9363899862460663, 0.33151363598952394, -0.11520634883155272, -12.380964242986272, 0.35061721039742216, 0.8981663305683301, -0.26526366959414266, 45.18882152012417, 0.01553593998513278, -0.2887835725702316, -0.9572683441869119, 52.15733957290649, -12.883678538458687, 5.93498215372009, 34.09994632857186, 1.0]}
>Bem2,Skm1
{'alignment_length': 56, 'RMSD': 3.331433062266777, 'rotation_matrix': [0.9823958845892368, 0.15841155737457674, -0.09901567770960168, -11.749553550566946, -0.1596157070687331, 0.9871698205103183, -0.004309469871580197, 44.60994652339391, 0.09706261895847894, 0.020038062875109695, 0.9950765417982346, 52.640553815024234, 31.231410639626628, -30.124785866056172, -9.681071446144156, 1.0]}
>Bem2,Slm1
{'alignment_length': 64, 'RMSD': 5.663221724653065, 'rotation_matrix': [0.4133209114280336, -0.05662229234925076, 0.9088232722512202, -10.46943745855242, 0.7744984329530742, -0.5030162974560513, -0.3835710909946656, 45.45956248044968, 0.4788715919007227, 0.8624201531172155, -0.1640532778329844, 54.0953751206398, 63.68726593255997, 12.73578121769242, -69.66742193698883, 1.0]}
>Bem2,Swh1
{'alignment_length': 56, 'RMSD': 4.058959493865132, 'rotation_matrix': [0.04270648551087275, -0.9313962946117733, 0.36149287472752245, -11.419410688536509, -0.8591425290788779, -0.21891683344186053, -0.4625467919721614, 45.51669645309448, 0.5099512435745783, -0.29082015476793793, -0.8095513367029257, 53.26369660241263, -32.360571520669126, 5.173892866021821, 8.208017889909181, 1.0]}
>Bem3,Bem2
{'alignment_length': 64, 'RMSD': 3.0651349166612163, 'rotation_matrix': [-0.8873773242925522, 0.3010999963956294, 0.3491422009753933, 5.52490624517668, 0.3945191348183306, 0.8877737674261141, 0.23709152269163777, 10.712281216867268, -0.23857103049948378, 0.3481329200759326, -0.9065800203875103, 4.3782187146134675, 11.004156204871833, -44.54531252384186, -53.617406368255615, 1.0]}
>Bem3,Bem3
{'alignment_length': 104, 'RMSD': 3.7406184222828683e-07, 'rotation_matrix': [1.0, 5.551115123125783e-17, -2.0816681711721685e-17, 5.687971148424996, -1.1102230246251565e-16, 1.0, 0.0, 13.547163495650661, 0.0, 0.0, 1.0000000000000002, 5.0887211436549045, -5.687971148424996, -13.547163495650661, -5.0887211436549045, 1.0]}
>Bem3,Boi1
{'alignment_length': 104, 'RMSD': 3.7566038422634054, 'rotation_matrix': [-0.19551123438996718, -0.9016187610864659, -0.3858224551321728, 6.25613462129751, 0.8216487441644591, 0.0641911815865618, -0.5663681076998315, 12.77532696552002, 0.5354145108607709, -0.42774186358530203, 0.728263825612871, 5.256096148863435, -3.7976442281013525, -0.027923058861724165, 12.181778778823526, 1.0]}
>Bem3,Boi2
{'alignment_length': 104, 'RMSD': 3.909075151237615, 'rotation_matrix': [0.8886423588355438, -0.4477059528648159, 0.0993686965427667, 6.25613462129751, 0.3088582551753904, 0.4240946599437993, -0.851322675380591, 12.77532696552002, 0.33900049600732857, 0.787212232613646, 0.5151461584154781, 5.256096148863435, -4.4307980506609255, -3.4900576852691865, 12.190250013596735, 1.0]}
>Bem3,Bud4
{'alignment_length': 96, 'RMSD': 3.6765550792905946, 'rotation_matrix': [-0.5955485449414956, -0.7833427183615881, -0.17803403103886034, 6.135281253062812, 0.7834627060997198, -0.5174130056498086, -0.3441946683714549, 13.153166689599546, 0.1775052640598928, -0.3444676576607871, 0.9218643685796293, 4.280843731171141, -16.754010443886123, -10.41137500052961, 30.80877080559731, 1.0]}
>Bem3,Cdc24
{'alignment_length': 56, 'RMSD': 3.1972435649896314, 'rotation_matrix': [0.030529887404157574, 0.02553570188745946, 0.9992076130135337, 5.741964272223413, 0.9863980833955092, 0.1607667891490585, -0.03424705214129753, 10.574553529066696, -0.16151392215148547, 0.9866620330365491, -0.020280175428900538, 6.511071396193333, -11.30655359120075, -3.681714277980583, 40.385285581861226, 1.0]}
>Bem3,Cla4
{'alignment_length': 96, 'RMSD': 2.5416333140240552, 'rotation_matrix': [-0.9365220682311405, 0.13628667738333963, 0.3230361547627086, 6.824927088571711, 0.3358839288964261, 0.08454223901388128, 0.9381015915835662, 13.323354230572779, 0.10054054915887253, 0.9870554955980588, -0.12495217718992745, 6.031999986773978, 24.70362497866155, -27.54956245422363, -34.67815621693931, 1.0]}
>Bem3,Osh2
{'alignment_length': 88, 'RMSD': 3.2516583961301735, 'rotation_matrix': [0.3005614816104786, 0.34955948338438203, -0.8873956070142326, 6.682250010780989, -0.8128892022407473, 0.5805479829536199, -0.04663887186548027, 12.84984096512199, 0.49887266977908806, 0.7353721554862732, 0.45864349148653283, 5.994363623755899, -39.259943311864674, -7.826715908267283, 13.50169326559725, 1.0]}
>Bem3,Osh3
{'alignment_length': 88, 'RMSD': 2.4247670494070883, 'rotation_matrix': [0.873120179917081, -0.12600452984565758, -0.47093949704812404, 7.932102279737593, -0.16469087380528546, 0.8329888091939789, -0.528210715380566, 12.93301141600718, 0.45884427369949476, 0.5387508721254862, 0.706547542828656, 4.972147720950571, -13.049272733655844, 4.429886381057176, 36.2397499517961, 1.0]}
>Bem3,Skm1
{'alignment_length': 96, 'RMSD': 2.6798506442075194, 'rotation_matrix': [-0.795035628790569, 0.21774148690804426, 0.5661333710643268, 6.824927088571711, 0.4063264737573285, 0.8841622666325588, 0.23055559630404038, 13.323354230572779, -0.45035224622235337, 0.4133348898196847, -0.7914146341711341, 6.031999986773978, 30.864833265542977, -32.979125122229256, -10.138604205567384, 1.0]}
>Bem3,Slm1
{'alignment_length': 104, 'RMSD': 4.165731112945958, 'rotation_matrix': [0.3789605699827778, 0.3036444237365461, -0.8741790150375549, 6.432653854744364, 0.9186742318955414, -0.23722838164040605, 0.3158486197459326, 12.344961582754673, -0.11147440087062611, -0.922779908146019, -0.36885051046807604, 5.761048078393706, 62.38613473452052, 14.044230696530294, -69.55540400284988, 1.0]}
>Bem3,Swh1
{'alignment_length': 88, 'RMSD': 3.0945198443481448, 'rotation_matrix': [-0.15210879481126832, 0.5134056026830518, -0.8445576366801234, 6.682250010780989, -0.5614558056814848, -0.7481242208069515, -0.3536630154660594, 12.84984096512199, -0.8134065974699356, 0.42038653329482834, 0.40205082989186597, 5.994363623755899, -31.433397726579145, 6.093693212182682, 8.941886362683194, 1.0]}
>Boi1,Bem2
{'alignment_length': 64, 'RMSD': 4.414219393579696, 'rotation_matrix': [0.42672667930984, 0.7869237791268139, -0.44570764746633, 2.1218749578110874, 0.8424311916223167, -0.5251336530658347, -0.12059989137447724, 0.5584687597583979, -0.3289590073960598, -0.3240148333988817, -0.8870176769323675, -12.353328126482666, 10.485234345309436, -45.183375000953674, -54.25200009346008, 1.0]}
>Boi1,Bem3
{'alignment_length': 104, 'RMSD': 3.7566038422633965, 'rotation_matrix': [-0.19551123438996745, 0.8216487441644594, 0.535414510860771, 3.7976442281013525, -0.9016187610864663, 0.06419118158656158, -0.4277418635853021, 0.027923058861724165, -0.3858224551321727, -0.5663681076998316, 0.7282638256128713, -12.181778778823526, -6.25613462129751, -12.77532696552002, -5.256096148863435, 1.0]}
>Boi1,Boi1
{'alignment_length': 120, 'RMSD': 4.924752993529531e-07, 'rotation_matrix': [0.9999999999999998, 8.326672684688674e-17, 0.0, 4.2947666643187405, -2.7755575615628914e-17, 1.0, 1.8041124150158794e-16, 0.17414999591807542, 5.551115123125783e-17, -2.7755575615628914e-17, 0.9999999999999998, -12.365433280169961, -4.2947666643187405, -0.17414999591807542, 12.365433280169961, 1.0]}
>Boi1,Boi2
{'alignment_length': 120, 'RMSD': 0.937011344181142, 'rotation_matrix': [0.25052591608054947, 0.8581092548730184, -0.44820226692116827, 4.2947666643187405, -0.9305553894675017, 0.08574928577811097, -0.3559687164927965, 0.17414999591807542, -0.26702702579511833, 0.5062564238504204, 0.8200006102468438, -12.365433280169961, -4.444941645115614, -3.8451666625216614, 12.647508380313713, 1.0]}
>Boi1,Bud4
{'alignment_length': 96, 'RMSD': 3.1883149440816143, 'rotation_matrix': [0.8141643973789733, -0.39484297876346985, 0.4257174604849122, 3.7524791599717022, 0.5244405429287847, 0.8147365676546732, -0.24731850367257963, -0.12884376648192608, -0.24919560785273615, 0.4246214166142262, 0.8704011727815132, -13.240510351335011, -17.086718772848446, -10.264416657155378, 31.174166689316436, 1.0]}
>Boi1,Cdc24
{'alignment_length': 56, 'RMSD': 2.939621781943013, 'rotation_matrix': [0.6001286038798008, 0.7492584945763686, -0.2801024225358201, 2.8747856956241393, 0.1564428768355517, -0.4533480870126695, -0.8774970873395361, -0.8361785850886787, -0.7844560440793978, 0.48279107314355607, -0.38928330891549356, -9.51901789116008, -10.69028574616615, -3.5947499857949365, 40.51098196847098, 1.0]}
>Boi1,Cla4
{'alignment_length': 88, 'RMSD': 5.82170121941765, 'rotation_matrix': [0.5523678494466061, 0.5297604810191344, 0.6436175818357566, 5.299568174999551, 0.7162526672425293, -0.6966165956098158, -0.041321125214025034, -0.7305340876972133, 0.4264643895634126, 0.48381727074523206, -0.7642309683354505, -12.608488588847896, 24.19540905410593, -27.40979543599215, -34.59415908293291, 1.0]}
>Boi1,Osh2
{'alignment_length': 96, 'RMSD': 4.478882031588669, 'rotation_matrix': [-0.4456059178279777, 0.8268199342200869, 0.3432261096900655, 4.165479166821268, -0.5799278047426732, -0.5586790795654579, 0.5929261567364322, -1.5486979299845804, 0.6819964129546645, 0.06516503995382554, 0.7284465733907922, -12.944781179850299, -39.8365626136462, -8.70635415116946, 14.434718842850994, 1.0]}
>Boi1,Osh3
{'alignment_length': 88, 'RMSD': 2.5666249194802813, 'rotation_matrix': [-0.09011559948470743, 0.9849940673512021, 0.14719329472651943, 4.082397722808477, -0.9920112324412651, -0.10187536934449895, 0.07439841282772044, -0.8597045535729694, 0.08827736652094781, -0.13931294413606438, 0.9863057386816061, -13.225874929942872, -12.480329514904458, 3.811068186028437, 36.27506813136014, 1.0]}
>Boi1,Skm1
{'alignment_length': 72, 'RMSD': 3.723817801209601, 'rotation_matrix': [0.18562108747804015, 0.9340164952105098, -0.3052179525489038, 6.220250001073713, 0.9336886609589127, -0.26445193863608, -0.24143458026631226, -1.4427916672494678, -0.30621935974105385, -0.24016319207217013, -0.9211684671619428, -13.417722144888508, 31.038402756055184, -35.15294459131028, -10.216902792246808, 1.0]}
>Boi1,Slm1
{'alignment_length': 104, 'RMSD': 5.16225409616581, 'rotation_matrix': [0.613789826118364, -0.7628127144218615, 0.20341782633274794, 4.418682694435121, -0.135302129295923, 0.15221003983013215, 0.9790431234541711, -0.8207403881332046, -0.7777887779864003, -0.6284495735468844, -0.00978521063447474, -11.385192233209432, 61.78883669926568, 14.347653788156231, -69.11750976855939, 1.0]}
>Boi1,Swh1
{'alignment_length': 96, 'RMSD': 3.973500750933445, 'rotation_matrix': [-0.8813167475357413, -0.44773097316733207, 0.1510555069491214, 4.483531254654133, 0.4568566471194212, -0.7257386993550377, 0.514378600100412, -1.6279479223303501, -0.12067640405573596, 0.5223411872761831, 0.8441545412891437, -12.97828119434416, -30.905322909355164, 5.362812529473254, 9.73816668240276, 1.0]}
>Boi2,Bem2
{'alignment_length': 64, 'RMSD': 4.409579316263463, 'rotation_matrix': [-0.5950403364490935, 0.7665646705731258, 0.24146553341556753, 3.4159687214996666, 0.2727094468620985, 0.47519931579344754, -0.8365495609117299, 1.9663593877339736, -0.7560135948451708, -0.43193080012723617, -0.49181218804613597, -11.74604696687311, 10.485234345309436, -45.183375000953674, -54.25200009346008, 1.0]}
>Boi2,Bem3
{'alignment_length': 104, 'RMSD': 3.909075151237615, 'rotation_matrix': [0.8886423588355433, 0.30885825517539045, 0.3390004960073283, 4.4307980506609255, -0.44770595286481535, 0.424094659943799, 0.7872122326136454, 3.4900576852691865, 0.09936869654276671, -0.8513226753805911, 0.515146158415478, -12.190250013596735, -6.25613462129751, -12.77532696552002, -5.256096148863435, 1.0]}
>Boi2,Boi1
{'alignment_length': 120, 'RMSD': 0.937011344181142, 'rotation_matrix': [0.2505259160805495, -0.9305553894675023, -0.2670270257951183, 4.444941645115614, 0.8581092548730185, 0.08574928577811089, 0.5062564238504204, 3.8451666625216614, -0.4482022669211684, -0.3559687164927968, 0.8200006102468442, -12.647508380313713, -4.2947666643187405, -0.17414999591807542, 12.365433280169961, 1.0]}
>Boi2,Boi2
{'alignment_length': 120, 'RMSD': 3.4823262373934814e-07, 'rotation_matrix': [1.0000000000000002, 9.020562075079397e-17, 2.3245294578089215e-16, 4.444941645115614, 6.938893903907228e-17, 1.0, 2.220446049250313e-16, 3.8451666625216614, 2.0816681711721685e-17, -1.1102230246251565e-16, 1.0, -12.647508380313713, -4.444941645115614, -3.8451666625216614, 12.647508380313713, 1.0]}
>Boi2,Bud4
{'alignment_length': 96, 'RMSD': 3.0661698924465157, 'rotation_matrix': [-0.21810718717610522, -0.9710457053943353, 0.09746534223684075, 4.770374961585427, 0.6123678505138357, -0.058410185981037324, 0.788412243582458, 2.891041660293317, -0.7598913544442996, 0.23164301890814196, 0.607376852729778, -13.039864622677367, -17.086718772848446, -10.264416657155378, 31.174166689316436, 1.0]}
>Boi2,Cdc24
{'alignment_length': 56, 'RMSD': 2.827794928011896, 'rotation_matrix': [0.18329715240869962, 0.5166136333138728, 0.8363686434779233, 3.972214301648948, 0.14959835324990198, 0.8262156576939589, -0.543127995675289, 4.253017842370484, -0.9716081960460088, 0.22467318677487663, 0.07415842852057952, -8.36323217302561, -10.106964323827665, -3.601214279819812, 40.488303320748464, 1.0]}
>Boi2,Cla4
{'alignment_length': 72, 'RMSD': 3.9509929356389444, 'rotation_matrix': [-0.7346226561657732, 0.40116375126623616, 0.5471720001223985, 6.747430491364663, 0.5750440802119487, 0.796148375472557, 0.1883403038268816, 4.79080556695246, -0.36007479620370303, 0.4530070737884898, -0.8155554746529827, -13.78331949396265, 24.470263799031585, -28.67429162396325, -36.56265279981824, 1.0]}
>Boi2,Osh2
{'alignment_length': 96, 'RMSD': 4.066416551098218, 'rotation_matrix': [0.24636937906397519, 0.7700556429562291, -0.588486563832089, 5.228874969373765, -0.10597393621019663, 0.6249665300745948, 0.7734250843686397, 3.5651145845962087, 0.9633647564156314, -0.12818402021230477, 0.23557844353519045, -12.431666714760166, -39.8365626136462, -8.70635415116946, 14.434718842850994, 1.0]}
>Boi2,Osh3
{'alignment_length': 88, 'RMSD': 2.569684979542277, 'rotation_matrix': [0.8711187780831973, 0.3857902601024308, -0.30383869023041715, 5.542465876872564, -0.11748234113515475, 0.7644811512537429, 0.6338505098989463, 3.1220681861212314, 0.47681230478275166, -0.5164634010148729, 0.7112774292917708, -12.922511396760294, -12.480329514904458, 3.811068186028437, 36.27506813136014, 1.0]}
>Boi2,Skm1
{'alignment_length': 72, 'RMSD': 3.8698067685946564, 'rotation_matrix': [-0.7347211871800702, 0.5504956944030339, 0.3964079559651023, 6.747430491364663, 0.09331619949973582, 0.660815632481303, -0.7447246382249354, 4.79080556695246, -0.6719202810003839, -0.5101736864167503, -0.536885412046471, -13.78331949396265, 31.038402756055184, -35.15294459131028, -10.216902792246808, 1.0]}
>Boi2,Slm1
{'alignment_length': 96, 'RMSD': 5.4903882797221435, 'rotation_matrix': [0.48752013300000274, -0.20983003371629025, -0.84752314238036, 4.725562490910913, 0.07799730602963437, -0.9563451984238659, 0.2816385657251791, 4.857635415236777, -0.8696209175104861, -0.20340899292370734, -0.44987136097553926, -11.678218797470134, 61.88404186566672, 14.736781195116539, -69.79873963197073, 1.0]}
>Boi2,Swh1
{'alignment_length': 96, 'RMSD': 3.200007483490991, 'rotation_matrix': [-0.6177272653826478, 0.3915744471954593, -0.6819695579030238, 6.1788228860435375, -0.7722806089098104, -0.1385182915456009, 0.6199962451573239, 3.5136666604472944, 0.1483094289139043, 0.9096604505038448, 0.3879718779555721, -12.268166706276435, -30.875364601612088, 5.5793021052765335, 9.650697944045532, 1.0]}
>Bud4,Bem2
{'alignment_length': 64, 'RMSD': 3.6043865559265678, 'rotation_matrix': [0.7854021649646574, 0.5891856732979655, -0.18974636135971956, 16.068140655755997, 0.5787137244991003, -0.8077156189830328, -0.11263171812254746, 12.643312504282221, -0.2196220943921836, -0.02134762823549738, -0.9753514312408171, -30.498265460133553, 10.740937468595803, -44.91985934972763, -53.610359489917755, 1.0]}
>Bud4,Bem3
{'alignment_length': 96, 'RMSD': 3.67655507929061, 'rotation_matrix': [-0.5955485449414953, 0.7834627060997196, 0.17750526405989264, 16.754010443886123, -0.7833427183615879, -0.5174130056498084, -0.344467657660787, 10.41137500052961, -0.1780340310388599, -0.3441946683714546, 0.9218643685796295, -30.80877080559731, -6.135281253062812, -13.153166689599546, -4.280843731171141, 1.0]}
>Bud4,Boi1
{'alignment_length': 96, 'RMSD': 3.188314944081608, 'rotation_matrix': [0.8141643973789738, 0.5244405429287848, -0.24919560785273598, 17.086718772848446, -0.3948429787634699, 0.8147365676546731, 0.42462141661422625, 10.264416657155378, 0.42571746048491244, -0.2473185036725798, 0.8704011727815134, -31.174166689316436, -3.7524791599717022, 0.12884376648192608, 13.240510351335011, 1.0]}
>Bud4,Boi2
{'alignment_length': 96, 'RMSD': 3.0661698924465095, 'rotation_matrix': [-0.2181071871761053, 0.6123678505138358, -0.7598913544442999, 17.086718772848446, -0.971045705394336, -0.05841018598103718, 0.23164301890814182, 10.264416657155378, 0.09746534223684067, 0.7884122435824583, 0.6073768527297778, -31.174166689316436, -4.770374961585427, -2.891041660293317, 13.039864622677367, 1.0]}
>Bud4,Bud4
{'alignment_length': 112, 'RMSD': 6.743495761743046e-07, 'rotation_matrix': [1.0000000000000004, 6.938893903907228e-17, -5.551115123125783e-17, 17.059464301381787, -5.551115123125783e-17, 1.0000000000000004, -4.163336342344337e-17, 12.007428605175974, 3.3306690738754696e-16, -9.71445146547012e-17, 0.9999999999999998, -30.502883885587977, -17.059464301381787, -12.007428605175974, 30.502883885587977, 1.0]}
>Bud4,Cdc24
{'alignment_length': 56, 'RMSD': 3.3120123121860394, 'rotation_matrix': [0.7877038041221097, 0.34433790430809136, -0.5108366907616068, 15.429250018937253, -0.30449949441622176, -0.5032163096396771, -0.8087356821687113, 11.701375051002415, -0.535539704290749, 0.7925936874397479, -0.2915346836293079, -29.060482008116583, -12.210767871192989, -2.833089280075261, 39.17014275278364, 1.0]}
>Bud4,Cla4
{'alignment_length': 88, 'RMSD': 2.918950487789909, 'rotation_matrix': [0.8399222370919188, 0.07135522811481748, 0.5379954154629845, 17.575125022368006, 0.4995528245329676, -0.48904009066900184, -0.7150431911567219, 10.003238630481064, 0.21207925674059053, 0.8693378061140192, -0.44640135273229403, -30.645693161270827, 24.82187496532094, -26.959511323408655, -34.67419318719343, 1.0]}
>Bud4,Osh2
{'alignment_length': 88, 'RMSD': 3.1426329909598945, 'rotation_matrix': [-0.7937663907806568, 0.4047860503900736, 0.45396384247718924, 16.704534107988536, -0.08920363475698434, -0.8157841670422242, 0.571435826973919, 9.426443189128555, 0.6016457665546996, 0.4130913291426354, 0.683650440922829, -30.452181826938276, -39.13428423621437, -8.352284079248255, 14.545091013254769, 1.0]}
>Bud4,Osh3
{'alignment_length': 88, 'RMSD': 3.363133074138049, 'rotation_matrix': [-0.596300463537041, 0.7974965793304309, -0.09178759797364916, 16.914159124547787, -0.7812222758847647, -0.5501864860325085, 0.29493488476039675, 9.512125026011333, 0.18470926573114443, 0.24757632468283797, 0.9510985493678346, -30.164522767066952, -12.537568158724094, 3.950181823562492, 36.01376130364157, 1.0]}
>Bud4,Skm1
{'alignment_length': 96, 'RMSD': 3.6241280581058026, 'rotation_matrix': [0.7208118739536122, 0.658386586613906, -0.21669643498306876, 16.63460419575373, 0.5557466439920333, -0.7358022963074659, -0.38696336834415257, 9.393489591234053, -0.4142172256909099, 0.15849947418067195, -0.8962711680208042, -30.31844793756804, 31.95312493046124, -33.04686468839645, -10.646812527906144, 1.0]}
>Bud4,Slm1
{'alignment_length': 96, 'RMSD': 5.928505791376962, 'rotation_matrix': [0.48372682471590234, -0.41751743352762993, 0.7692122930314953, 17.852375010649364, -0.6348210982398622, 0.4376478208724143, 0.6367625602335321, 12.017802135320379, -0.6025035537486939, -0.7963313240015917, -0.05334688495185175, -30.39077072342237, 62.239208539327, 11.944645795195052, -71.20206248760223, 1.0]}
>Bud4,Swh1
{'alignment_length': 88, 'RMSD': 3.4353427216391372, 'rotation_matrix': [-0.4792439088137143, -0.8510311505992699, 0.21464215935979225, 16.928795483979318, 0.7231951678164337, -0.2443295540702436, 0.6459812832077998, 9.698420478454366, -0.4973067716328749, 0.464810767643692, 0.7325550663059874, -30.411500052972265, -31.12203409455039, 6.393659093671222, 9.825318184744734, 1.0]}
>Cdc24,Bem2
{'alignment_length': 56, 'RMSD': 3.667311408716406, 'rotation_matrix': [0.6163642052751269, 0.7162679104596475, 0.32719328676079396, 12.848392858727104, -0.23999210366859758, 0.5666015907484868, -0.7882679922069684, 2.6965714445603752, -0.7499993044211984, 0.40733636936450296, 0.5211315818108355, -38.97146419116429, 11.967874976141113, -45.67698219844273, -52.684000219617566, 1.0]}
>Cdc24,Bem3
{'alignment_length': 56, 'RMSD': 3.1972435649896416, 'rotation_matrix': [0.030529887404157574, 0.9863980833955089, -0.16151392215148563, 11.30655359120075, 0.02553570188745924, 0.16076678914905862, 0.9866620330365495, 3.681714277980583, 0.9992076130135342, -0.03424705214129781, -0.02028017542890015, -40.385285581861226, -5.741964272223413, -10.574553529066696, -6.511071396193333, 1.0]}
>Cdc24,Boi1
{'alignment_length': 56, 'RMSD': 2.939621781943013, 'rotation_matrix': [0.6001286038798004, 0.15644287683555175, -0.7844560440793976, 10.69028574616615, 0.7492584945763686, -0.45334808701266954, 0.4827910731435565, 3.5947499857949365, -0.28010242253581985, -0.8774970873395362, -0.3892833089154934, -40.51098196847098, -2.8747856956241393, 0.8361785850886787, 9.51901789116008, 1.0]}
>Cdc24,Boi2
{'alignment_length': 56, 'RMSD': 2.827794928011896, 'rotation_matrix': [0.1832971524086998, 0.1495983532499021, -0.9716081960460093, 10.106964323827665, 0.5166136333138728, 0.8262156576939592, 0.22467318677487685, 3.601214279819812, 0.8363686434779235, -0.5431279956752892, 0.07415842852057974, -40.488303320748464, -3.972214301648948, -4.253017842370484, 8.36323217302561, 1.0]}
>Cdc24,Bud4
{'alignment_length': 56, 'RMSD': 3.312012312186054, 'rotation_matrix': [0.7877038041221089, -0.304499494416222, -0.5355397042907488, 12.210767871192989, 0.3443379043080909, -0.5032163096396769, 0.7925936874397478, 2.833089280075261, -0.5108366907616066, -0.8087356821687108, -0.2915346836293078, -39.17014275278364, -15.429250018937253, -11.701375051002415, 29.060482008116583, 1.0]}
>Cdc24,Cdc24
{'alignment_length': 192, 'RMSD': 9.5367431640625e-07, 'rotation_matrix': [0.9999999999999999, -2.3592239273284576e-16, -4.163336342344337e-17, 21.894291618108877, -1.1102230246251565e-16, 0.9999999999999997, -5.551115123125783e-17, -4.143286440909533, 8.326672684688674e-17, 0.0, 0.9999999999999998, -27.678281190940965, -21.894291618108877, 4.143286440909533, 27.678281190940965, 1.0]}
>Cdc24,Cla4
{'alignment_length': 56, 'RMSD': 2.384370268252055, 'rotation_matrix': [0.2898937146061905, -0.05497701906185781, 0.9554784987674483, 11.811678577372472, 0.18843081461588124, 0.9820862434486384, -0.0006622175900562743, 3.658053567100849, -0.9383258828013965, 0.18023356458776849, 0.29505999366394375, -40.252196311950684, 24.35498215470995, -27.559285674776344, -31.973053455352783, 1.0]}
>Cdc24,Osh2
{'alignment_length': 56, 'RMSD': 2.4413956245891035, 'rotation_matrix': [-0.9197159466949613, 0.3902938946626392, -0.042346820235516724, 9.994232168845235, 0.3386716583998497, 0.843339050796094, 0.4172298565527627, 3.7358749921300585, 0.19855499286516545, 0.36939128467170457, -0.9078138540564921, -40.386928353990825, -42.434553623199456, -6.00417855807713, 11.569178658803656, 1.0]}
>Cdc24,Osh3
{'alignment_length': 56, 'RMSD': 2.8169738516817904, 'rotation_matrix': [-0.30063669634438217, 0.6955289898411412, -0.6525771993424971, 10.912821437257143, 0.381396948636984, 0.7148134910776623, 0.5861553041163775, 3.759714282783015, 0.8741589926217849, -0.07267115840501265, -0.4801718008739576, -39.414106913975296, -13.066499948501585, 6.427178576322539, 33.23953557014465, 1.0]}
>Cdc24,Skm1
{'alignment_length': 56, 'RMSD': 2.3695046837289575, 'rotation_matrix': [0.4221015114161242, 0.8302364668623556, 0.3640573075109702, 11.811678577372472, -0.3773857908812557, 0.5260596331813434, -0.7621294031711681, 3.658053567100849, -0.8242634766269539, 0.18430591805209065, 0.535370011926166, -40.252196311950684, 31.12353570120674, -30.629107304981776, -8.683910747457826, 1.0]}
>Cdc24,Slm1
{'alignment_length': 64, 'RMSD': 4.01222077147804, 'rotation_matrix': [0.9415399549516745, -0.14844268367984986, 0.30243558469783655, 12.657093770474603, -0.04230379332688382, -0.9426846349022293, -0.330992550051215, 3.698312495602295, 0.33423480114996196, 0.29884853819480817, -0.8938549372907614, -38.39204667508602, 64.38054698705673, 14.954203043831512, -68.78596884012222, 1.0]}
>Cdc24,Swh1
{'alignment_length': 56, 'RMSD': 2.1306680010473475, 'rotation_matrix': [-0.3811081596801903, -0.862286252730831, -0.3334951108736088, 10.064875031846377, -0.9095540820376595, 0.28502844296379254, 0.30244033882778887, 3.663910702669195, -0.16573455425411415, 0.4185943203784042, -0.8929226464107245, -40.427303314208984, -32.84541078976223, 3.549928603161658, 6.095857139111364, 1.0]}
>Cla4,Bem2
{'alignment_length': 56, 'RMSD': 3.0145552930156003, 'rotation_matrix': [0.8946736743716727, 0.09648117831770794, -0.4361770266952587, -25.044196418353483, -0.41083089087361724, 0.561151025513317, -0.7185593264785742, 26.73403566224234, 0.1754337353255621, 0.8220711093304397, 0.5416844983142322, 31.70960698808942, 11.838999971747398, -44.155732222965796, -52.41717883518763, 1.0]}
>Cla4,Bem3
{'alignment_length': 96, 'RMSD': 2.54163331402404, 'rotation_matrix': [-0.9365220682311407, 0.3358839288964262, 0.10054054915887277, -24.70362497866155, 0.13628667738333933, 0.08454223901388147, 0.9870554955980584, 27.54956245422363, 0.32303615476270875, 0.9381015915835661, -0.12495217718992724, 34.67815621693931, -6.824927088571711, -13.323354230572779, -6.031999986773978, 1.0]}
>Cla4,Boi1
{'alignment_length': 88, 'RMSD': 5.82170121941765, 'rotation_matrix': [0.5523678494466062, 0.716252667242529, 0.4264643895634126, -24.19540905410593, 0.5297604810191343, -0.6966165956098158, 0.4838172707452324, 27.40979543599215, 0.6436175818357565, -0.04132112521402537, -0.7642309683354505, 34.59415908293291, -5.299568174999551, 0.7305340876972133, 12.608488588847896, 1.0]}
>Cla4,Boi2
{'alignment_length': 72, 'RMSD': 3.9509929356389506, 'rotation_matrix': [-0.734622656165773, 0.575044080211949, -0.3600747962037031, -24.470263799031585, 0.401163751266236, 0.796148375472557, 0.45300707378848903, 28.67429162396325, 0.5471720001223985, 0.18834030382688138, -0.815555474652983, 36.56265279981824, -6.747430491364663, -4.79080556695246, 13.78331949396265, 1.0]}
>Cla4,Bud4
{'alignment_length': 88, 'RMSD': 2.918950487789909, 'rotation_matrix': [0.8399222370919182, 0.4995528245329673, 0.21207925674059042, -24.82187496532094, 0.07135522811481744, -0.4890400906690021, 0.8693378061140197, 26.959511323408655, 0.5379954154629845, -0.715043191156722, -0.4464013527322941, 34.67419318719343, -17.575125022368006, -10.003238630481064, 30.645693161270827, 1.0]}
>Cla4,Cdc24
{'alignment_length': 56, 'RMSD': 2.384370268252021, 'rotation_matrix': [0.2898937146061905, 0.18843081461588113, -0.9383258828013967, -24.35498215470995, -0.0549770190618577, 0.9820862434486392, 0.18023356458776849, 27.559285674776344, 0.9554784987674487, -0.0006622175900563299, 0.29505999366394403, 31.973053455352783, -11.811678577372472, -3.658053567100849, 40.252196311950684, 1.0]}
>Cla4,Cla4
{'alignment_length': 120, 'RMSD': 7.387129490294298e-07, 'rotation_matrix': [1.0000000000000004, -1.3183898417423734e-16, -2.7755575615628914e-16, -22.64221663276354, -8.326672684688674e-17, 1.0000000000000007, 1.6653345369377348e-16, 30.765974998474135, -5.551115123125783e-17, 1.1102230246251565e-16, 1.0000000000000002, 33.93430829048156, 22.64221663276354, -30.765974998474135, -33.93430829048156, 1.0]}
>Cla4,Osh2
{'alignment_length': 88, 'RMSD': 2.9006441120123383, 'rotation_matrix': [-0.47741165720225787, -0.00613097858984224, 0.8786583640237683, -24.567158997058876, 0.45441504468241267, 0.8541472332085864, 0.25286255390705364, 26.83714764768428, -0.7520539054706614, 0.5199951106535977, -0.4049938371909846, 35.409397732127815, -38.31931833787397, -8.56040908531709, 13.968897803855889, 1.0]}
>Cla4,Osh3
{'alignment_length': 88, 'RMSD': 2.5796943275109445, 'rotation_matrix': [-0.8540054241153836, 0.42576609938475957, 0.298994923361903, -25.394931749864067, 0.515354453604576, 0.6135266922043011, 0.5983266541804543, 27.10212495110253, 0.07130583939223906, 0.6650625734226328, -0.7433755784938273, 35.14263632080772, -12.480329514904458, 3.811068186028437, 36.27506813136014, 1.0]}
>Cla4,Skm1
{'alignment_length': 96, 'RMSD': 4.142311471576429, 'rotation_matrix': [0.9065088051367535, 0.13709235844882334, -0.39930874203362354, -22.7096874502798, -0.39560520654524617, 0.606130336466422, -0.6900018375116077, 30.49032294750215, 0.147439162924336, 0.7834613586323457, 0.6036969378472363, 33.72674991687141, 30.12059370676676, -34.09747928380966, -7.53665625474726, 1.0]}
>Cla4,Slm1
{'alignment_length': 96, 'RMSD': 3.038644314528715, 'rotation_matrix': [-0.018218934497576, -0.547631507499167, 0.8365212504293978, -24.587708289424587, 0.0349261168350217, -0.8364980824835638, -0.546855670505616, 27.815197865168248, 0.9992238171644027, 0.01925331128690569, 0.034366745785570696, 35.07356246312461, 61.02079188823701, 14.664499943765499, -69.79552094141643, 1.0]}
>Cla4,Swh1
{'alignment_length': 96, 'RMSD': 3.235067495800562, 'rotation_matrix': [-0.13352248157274593, -0.7302801618785048, 0.6699721129131873, -25.940479139486953, -0.8764617504797574, 0.40255994651117866, 0.2641217321821049, 27.61254159609476, -0.4625867992718928, -0.5519387417382672, -0.6938134320606395, 35.11847911278409, -30.82336457570394, 5.654666682550062, 9.904500012577046, 1.0]}
>Osh2,Bem2
{'alignment_length': 56, 'RMSD': 3.8778628585384154, 'rotation_matrix': [-0.8164005959156868, -0.33555070145263066, -0.46999552523737864, 40.28851805414471, -0.162518450062778, 0.9144712369887986, -0.37058077406871626, 6.767250001430513, 0.5541460280266424, -0.22615942048657622, -0.8011080427429701, -13.089696512557563, 11.419410688536509, -45.51669645309448, -53.26369660241263, 1.0]}
>Osh2,Bem3
{'alignment_length': 88, 'RMSD': 3.2516583961301673, 'rotation_matrix': [0.3005614816104788, -0.8128892022407479, 0.4988726697790881, 39.259943311864674, 0.34955948338438203, 0.58054798295362, 0.7353721554862738, 7.826715908267283, -0.8873956070142328, -0.04663887186548005, 0.4586434914865327, -13.50169326559725, -6.682250010780989, -12.84984096512199, -5.994363623755899, 1.0]}
>Osh2,Boi1
{'alignment_length': 96, 'RMSD': 4.4788820315886735, 'rotation_matrix': [-0.44560591782797754, -0.5799278047426732, 0.6819964129546642, 39.8365626136462, 0.8268199342200866, -0.5586790795654581, 0.0651650399538254, 8.70635415116946, 0.34322610969006534, 0.5929261567364321, 0.7284465733907923, -14.434718842850994, -4.165479166821268, 1.5486979299845804, 12.944781179850299, 1.0]}
>Osh2,Boi2
{'alignment_length': 96, 'RMSD': 4.066416551098218, 'rotation_matrix': [0.24636937906397532, -0.10597393621019663, 0.9633647564156311, 39.8365626136462, 0.7700556429562294, 0.624966530074595, -0.1281840202123049, 8.70635415116946, -0.5884865638320892, 0.7734250843686402, 0.23557844353519072, -14.434718842850994, -5.228874969373765, -3.5651145845962087, 12.431666714760166, 1.0]}
>Osh2,Bud4
{'alignment_length': 88, 'RMSD': 3.142632990959901, 'rotation_matrix': [-0.7937663907806568, -0.08920363475698402, 0.601645766554699, 39.13428423621437, 0.40478605039007354, -0.8157841670422239, 0.4130913291426352, 8.352284079248255, 0.45396384247718924, 0.5714358269739187, 0.6836504409228292, -14.545091013254769, -16.704534107988536, -9.426443189128555, 30.452181826938276, 1.0]}
>Osh2,Cdc24
{'alignment_length': 56, 'RMSD': 2.441395624589077, 'rotation_matrix': [-0.9197159466949614, 0.33867165839984964, 0.19855499286516543, 42.434553623199456, 0.3902938946626389, 0.843339050796094, 0.36939128467170446, 6.00417855807713, -0.04234682023551706, 0.4172298565527625, -0.9078138540564922, -11.569178658803656, -9.994232168845235, -3.7358749921300585, 40.386928353990825, 1.0]}
>Osh2,Cla4
{'alignment_length': 88, 'RMSD': 2.9006441120123383, 'rotation_matrix': [-0.4774116572022579, 0.4544150446824128, -0.7520539054706615, 38.31931833787397, -0.006130978589842628, 0.8541472332085862, 0.519995110653598, 8.56040908531709, 0.878658364023768, 0.2528625539070537, -0.4049938371909846, -13.968897803855889, 24.567158997058876, -26.83714764768428, -35.409397732127815, 1.0]}
>Osh2,Osh2
{'alignment_length': 96, 'RMSD': 1.9466795466607238e-07, 'rotation_matrix': [0.9999999999999998, 1.249000902703301e-16, -5.551115123125783e-17, 39.37664596239727, -1.6653345369377348e-16, 0.9999999999999997, 0.0, 8.752656241257988, 2.7755575615628914e-17, 2.7755575615628914e-16, 1.0, -14.445979262934994, -39.37664596239727, -8.752656241257988, 14.445979262934994, 1.0]}
>Osh2,Osh3
{'alignment_length': 88, 'RMSD': 1.845970458927296, 'rotation_matrix': [0.6562037608200741, -0.43695267016298434, 0.6151983325099547, 38.796591021797866, 0.4930566850189086, 0.8654554764072973, 0.0887801988890724, 8.533374992283909, -0.5712195109095587, 0.2450697500591551, 0.7833575735015189, -14.640659176490521, -12.73902269520543, 3.922375005077232, 36.199738610874526, 1.0]}
>Osh2,Skm1
{'alignment_length': 96, 'RMSD': 3.531148228964031, 'rotation_matrix': [-0.8068884926143585, -0.4532240447212575, -0.37883891797574226, 39.394000093142196, -0.40674902860569406, 0.8913665191712612, -0.20005238371195233, 8.668479154507322, 0.428352878144704, -0.007327604452581182, -0.903581826952122, -14.283072993702561, 31.914760351181023, -33.43831262985864, -10.709333344517892, 1.0]}
>Osh2,Slm1
{'alignment_length': 96, 'RMSD': 4.136773125274032, 'rotation_matrix': [-0.6852229405275365, -0.06780458824281421, -0.7251703659058464, 39.48215635617576, 0.5631919855965039, -0.6806610967533061, -0.46852455509445246, 8.709833323955538, -0.461827142050642, -0.7294539116214332, 0.5045915989050223, -14.39243758275794, 60.85676066080731, 13.880916610670583, -68.93158348401386, 1.0]}
>Osh2,Swh1
{'alignment_length': 96, 'RMSD': 0.7987230302866661, 'rotation_matrix': [0.0009011420691953931, 0.9734106720126477, 0.22906516879450753, 39.32070843378704, -0.9781225480231224, 0.04850990015488901, -0.20229451459621262, 8.708999991416935, -0.20802756786475546, -0.22387151046716042, 0.9521586410937126, -14.360531335618964, -30.767520825068157, 5.841593767671535, 9.894291674077976, 1.0]}
>Osh3,Bem2
{'alignment_length': 56, 'RMSD': 3.6847089534000075, 'rotation_matrix': [-0.9363899862460665, 0.3506172103974224, 0.01553593998513271, 12.883678538458687, 0.33151363598952377, 0.8981663305683303, -0.2887835725702316, -5.93498215372009, -0.11520634883155259, -0.2652636695941425, -0.9572683441869121, -34.09994632857186, 12.380964242986272, -45.18882152012417, -52.15733957290649, 1.0]}
>Osh3,Bem3
{'alignment_length': 88, 'RMSD': 2.4247670494070968, 'rotation_matrix': [0.8731201799170809, -0.1646908738052854, 0.4588442736994946, 13.049272733655844, -0.12600452984565763, 0.832988809193979, 0.5387508721254863, -4.429886381057176, -0.47093949704812404, -0.5282107153805659, 0.706547542828656, -36.2397499517961, -7.932102279737593, -12.93301141600718, -4.972147720950571, 1.0]}
>Osh3,Boi1
{'alignment_length': 88, 'RMSD': 2.5666249194802733, 'rotation_matrix': [-0.09011559948470771, -0.9920112324412652, 0.08827736652094796, 12.480329514904458, 0.9849940673512017, -0.10187536934449928, -0.1393129441360642, -3.811068186028437, 0.14719329472651954, 0.07439841282772033, 0.9863057386816061, -36.27506813136014, -4.082397722808477, 0.8597045535729694, 13.225874929942872, 1.0]}
>Osh3,Boi2
{'alignment_length': 88, 'RMSD': 2.569684979542261, 'rotation_matrix': [0.8711187780831974, -0.11748234113515485, 0.4768123047827517, 12.480329514904458, 0.38579026010243095, 0.7644811512537434, -0.5164634010148734, -3.811068186028437, -0.3038386902304174, 0.6338505098989463, 0.7112774292917708, -36.27506813136014, -5.542465876872564, -3.1220681861212314, 12.922511396760294, 1.0]}
>Osh3,Bud4
{'alignment_length': 88, 'RMSD': 3.363133074138049, 'rotation_matrix': [-0.5963004635370408, -0.7812222758847651, 0.18470926573114466, 12.537568158724094, 0.7974965793304308, -0.5501864860325086, 0.24757632468283833, -3.950181823562492, -0.09178759797364888, 0.2949348847603968, 0.9510985493678348, -36.01376130364157, -16.914159124547787, -9.512125026011333, 30.164522767066952, 1.0]}
>Osh3,Cdc24
