#
#
#  Percent Identity  Matrix - created by Clustal2.1 
#
#

     1: BOI1_Pleckstrin   100.00   76.86   26.88   23.71   22.68   20.00   23.66   16.48   10.81   14.13   14.02   12.37    8.00   15.38
     2: BOI2_Pleckstrin    76.86  100.00   29.03   22.68   19.59   18.95   20.43   15.38   14.86   10.87   14.02   10.31    4.00   12.31
     3: OSH3_Pleckstrin    26.88   29.03  100.00   27.96   34.04   14.71   24.24   19.70   14.00    9.86   13.58   13.89    3.45   16.33
     4: OSH2_Pleckstrin    23.71   22.68   27.96  100.00   69.70   16.67   20.00   17.14    9.43   10.81   15.29   10.53   10.34   15.38
     5: SWH1_Pleckstrin    22.68   19.59   34.04   69.70  100.00   16.44   16.90   15.49    9.43   12.00   13.95   11.69    6.90   13.21
     6: SPO14_Pleckstrin   20.00   18.95   14.71   16.67   16.44  100.00   17.65   18.10   16.36   22.76   15.97   15.44   15.15   17.20
     7: CLA4_Pleckstrin    23.66   20.43   24.24   20.00   16.90   17.65  100.00   59.83   15.38   10.34    9.52   18.63   21.82   19.70
     8: SKM1_Pleckstrin    16.48   15.38   19.70   17.14   15.49   18.10   59.83  100.00   13.16   13.95    9.71   18.00   20.75   16.92
     9: LMO1_Pleckstrin    10.81   14.86   14.00    9.43    9.43   16.36   15.38   13.16  100.00   14.73   16.79   16.67   12.90   22.50
    10: SYT1_Pleckstrin    14.13   10.87    9.86   10.81   12.00   22.76   10.34   13.95   14.73  100.00   22.98   17.99   13.11   13.00
    11: CDC24_Pleckstrin   14.02   14.02   13.58   15.29   13.95   15.97    9.52    9.71   16.79   22.98  100.00   15.82    8.96   14.02
    12: TUS1_Pleckstrin    12.37   10.31   13.89   10.53   11.69   15.44   18.63   18.00   16.67   17.99   15.82  100.00   23.53   18.10
    13: BEM2_Pleckstrin     8.00    4.00    3.45   10.34    6.90   15.15   21.82   20.75   12.90   13.11    8.96   23.53  100.00   23.33
    14: BEM3_Pleckstrin    15.38   12.31   16.33   15.38   13.21   17.20   19.70   16.92   22.50   13.00   14.02   18.10   23.33  100.00
